3,2
3,1
3,3
10,101
10,103
10,301
10,291
10,185
10,211
10,213
10,167
10,2
11,14
11,7
11,25
11,24
9,7
9,1
9,5
9,2
9,3
8,14
8,6
8,11
8,13
8,16
8,4
8,2
8,3
35,5
35,4
35,3
35,2
35,1
35,0
32,4
32,3
32,2
32,1
32,0
31,5
31,4
31,3
31,2
31,1
31,0
29,4
29,3
29,2
29,1
29,0
27,3
27,2
27,1
27,0
24,3
24,1
20,3
20,2
20,1
19,3
19,2
19,1
18,1
12,3
18,3
12,2
12,1
11,30
11,28
11,27
14,1
11,26
11,22
14,3
11,21
11,17
11,13
11,12
11,10
13,1
11,9
11,4
11,3
13,3
11,2
11,1
10,288
10,278
10,266
10,264
10,258
10,250
10,248
10,240
